All tests passed!
Matrix Multiplication Runtime
m: 1024 n: 1024 p: 1024
INT32: 1.34182 ms
FLOAT: 1.34144 ms
DOUBLE: 5.72621 ms
